Alabama: 5030053, 672169.105832658, 7
Alaska: 736081, 520487.86660257506, 1
Arizona: 7158923, 754616.7424588532, 9
Arkansas: 3013756, 673896.3283597856, 4
California: 39576757, 753877.1806927976, 52
Colorado: 5782171, 681435.3873467002, 8
Connecticut: 3608298, 658782.0696002586, 5
Delaware: 990837, 700627.5617505352, 1
Florida: 21570527, 756977.0993159759, 28
Georgia: 10725274, 740114.220191001, 14
Hawaii: 1460137, 596098.4340930337, 2
Idaho: 1841377, 751739.0123494768, 2
Illinois: 12822739, 733027.1987172229, 17
Indiana: 6790280, 715758.3583429381, 9
Iowa: 3192406, 713843.6827778193, 4
Kansas: 2940865, 657597.4052649919, 4
Kentucky: 4509342, 695806.5767247594, 6
Louisiana: 4661468, 719280.1281410926, 6
Maine: 1363582, 556680.0204072953, 2
Maryland: 6185278, 728942.0028873278, 8
Massachusetts: 7033469, 741392.729739561, 9
Michigan: 10084442, 747508.5741408508, 13
Minnesota: 5709752, 672900.7263489087, 8
Mississippi: 2963914, 662751.3183463311, 4
Missouri: 6160281, 725996.0781857744, 8
Montana: 1085407, 443115.5522075102, 2
Nebraska: 1963333, 566765.4180294378, 3
Nevada: 3108462, 695073.2337474951, 4
New Hampshire: 1379089, 563010.7266475185, 2
New Jersey: 9294493, 744155.0023221528, 12
New Mexico: 2120220, 612054.7938706143, 3
New York: 20215751, 762994.3528428549, 26
North Carolina: 10453948, 721390.9473955885, 14
North Dakota: 779702, 551332.5715047134, 1
Ohio: 11808848, 762257.860698246, 15
Oklahoma: 3963516, 723635.7067442153, 5
Oregon: 4241500, 654477.6588642128, 6
Pennsylvania: 13011844, 743837.612031681, 17
Rhode Island: 1098163, 448323.16740066727, 2
South Carolina: 5124712, 684818.446781752, 7
South Dakota: 887770, 627748.1871339813, 1
Tennessee: 6916897, 729104.9620261894, 9
Texas: 29183290, 758071.4642799405, 38
Utah: 3275252, 732368.6115442141, 4
Vermont: 643503, 455025.33501388686, 1
Virginia: 8654542, 753281.1923650686, 11
Washington: 7715946, 735686.5851639172, 10
West Virginia: 1795045, 732824.0525557051, 2
Wisconsin: 5897473, 695023.858360762, 8
Wyoming: 577719, 408509.022520311, 1
